39 39 512 512 
-0.919485 0.393125
-0.935003 0.35464
-0.949658 0.313289
-0.962949 0.269684
-0.974383 0.224897
-0.983597 0.18038
-0.99046 0.1378
-0.995109 0.098781
-0.997912 0.0645877
-0.999359 0.0358048
-0.999927 0.0120856
-0.999969 -0.00791104
-0.999654 -0.0262934
-0.99897 -0.0453699
-0.997766 -0.0668093
-0.995876 -0.0907269
-0.993368 -0.114979
-0.990858 -0.134908
-0.989633 -0.143621
-0.991143 -0.132802
-0.995533 -0.0944121
-0.99972 -0.0236538
-0.997007 0.0773065
-0.980329 0.197371
-0.947677 0.31923
-0.904599 0.426263
-0.860888 0.508795
-0.824849 0.565352
-0.80023 0.599694
-0.786941 0.617029
-0.783135 0.621851
-0.786635 0.617418
-0.795436 0.606037
-0.807824 0.589423
-0.822408 0.568899
-0.838145 0.545447
-0.854353 0.519694
-0.870665 0.491877
-0.886934 0.461896
-0.937477 0.348046
-0.955167 0.296068
-0.970295 0.241924
-0.982536 0.18607
-0.991595 0.129377
-0.997329 0.0730379
-0.999831 0.0183934
-0.999445 -0.0333024
-0.996702 -0.0811503
-0.992175 -0.124852
-0.986319 -0.164848
-0.979329 -0.202274
-0.97111 -0.238631
-0.961385 -0.275207
-0.949974 -0.31233
-0.937235 -0.348699
-0.924575 -0.381
-0.914811 -0.403882
-0.912081 -0.410011
-0.920939 -0.389707
-0.943799 -0.330519
-0.975406 -0.220418
-0.998365 -0.0571562
-0.990004 0.141037
-0.941212 0.337818
-0.866664 0.498892
-0.79235 0.610066
-0.736217 0.676746
-0.7028 0.711387
-0.689191 0.72458
-0.691204 0.72266
-0.705005 0.709203
-0.727156 0.686472
-0.75452 0.656278
-0.784334 0.620339
-0.814402 0.580301
-0.843243 0.537533
-0.870072 0.492924
-0.894629 0.44681
-0.954478 0.298282
-0.972426 0.23321
-0.986027 0.166588
-0.995121 0.0986606
-0.999547 0.0300811
-0.99927 -0.0381952
-0.994462 -0.105096
-0.985504 -0.169652
-0.972902 -0.231218
-0.95714 -0.289626
-0.93852 -0.345225
-0.917075 -0.398715
-0.892633 -0.450785
-0.865103 -0.501595
-0.834971 -0.550293
-0.803901 -0.594764
-0.775218 -0.631694
-0.754083 -0.656779
-0.747321 -0.664464
-0.763087 -0.646296
-0.810107 -0.586282
-0.890704 -0.454583
-0.974675 -0.223626
-0.996186 0.0872497
-0.918775 0.394782
-0.786381 0.617741
-0.66868 0.743551
-0.595537 0.803328
-0.560418 0.82821
-0.553669 0.832737
-0.568526 0.822665
-0.599775 0.800169
-0.642496 0.766289
-0.691627 0.722255
-0.742336 0.670028
-0.790726 0.61217
-0.834358 0.551223
-0.872253 0.489054
-0.904471 0.426535
-0.970634 0.240561
-0.986496 0.163787
-0.996295 0.0860028
-0.999974 0.00720187
-0.997394 -0.0721459
-0.988497 -0.15124
-0.973391 -0.22915
-0.952348 -0.305014
-0.925716 -0.378219
-0.893798 -0.448471
-0.856743 -0.515744
-0.814566 -0.580071
-0.767356 -0.641221
-0.715714 -0.698394
-0.661307 -0.750115
-0.60734 -0.794442
-0.55868 -0.829383
-0.521593 -0.853195
-0.503465 -0.864016
-0.513389 -0.858156
-0.564997 -0.825093
-0.685258 -0.728301
-0.887178 -0.461428
-0.999378 0.0352628
-0.846038 0.533123
-0.596856 0.802348
-0.452175 0.891929
-0.385858 0.922558
-0.36465 0.931145
-0.3754 0.926863
-0.411898 0.91123
-0.469449 0.88296
-0.542062 0.840338
-0.621903 0.783094
-0.700679 0.713477
-0.77181 0.635853
-0.83182 0.555046
-0.880212 0.474581
-0.918276 0.395941
-0.9851 0.171981
-0.996289 0.0860699
-1 -0.000502362
-0.996124 -0.0879633
-0.984403 -0.175927
-0.964632 -0.263599
-0.936751 -0.349998
-0.900847 -0.434136
-0.857097 -0.515156
-0.80568 -0.592352
-0.746772 -0.66508
-0.680677 -0.732584
-0.608147 -0.793825
-0.530842 -0.847471
-0.451723 -0.892158
-0.375122 -0.926975
-0.306317 -0.95193
-0.250733 -0.968056
-0.213285 -0.97699
-0.198589 -0.980083
-0.213606 -0.97692
-0.276939 -0.960887
-0.516467 -0.856307
-0.993081 -0.117429
-0.472523 0.881319
-0.198362 0.980129
-0.128724 0.99168
-0.108246 0.994124
-0.118226 0.992987
-0.155351 0.987859
-0.220688 0.975344
-0.31362 0.949549
-0.427769 0.903888
-0.550392 0.834906
-0.666423 0.745574
-0.764589 0.644518
-0.840769 0.541394
-0.896807 0.442422
-0.937029 0.349252
-0.995886 0.0906112
-1 -0.000645817
-0.995697 -0.0926643
-0.982602 -0.185725
-0.960191 -0.279344
-0.928019 -0.372532
-0.885818 -0.464033
-0.833516 -0.552495
-0.771212 -0.636578
-0.699168 -0.714958
-0.617881 -0.786272
-0.528299 -0.849058
-0.432151 -0.901801
-0.332256 -0.943189
-0.232585 -0.972576
-0.137857 -0.990452
-0.0526357 -0.998614
0.0198284 -0.999803
0.0787161 -0.996897
0.126671 -0.991945
0.17191 -0.985113
0.235301 -0.971923
0.456596 -0.889674
0.982284 -0.187398
0.567587 0.823314
0.313783 0.949495
0.246604 0.969116
0.203857 0.979001
0.159764 0.987155
0.0978224 0.995204
0.00370833 0.999993
-0.131395 0.99133
-0.302296 0.953214
-0.485749 0.874098
-0.651326 0.758798
-0.778957 0.627078
-0.866625 0.498961
-0.923469 0.383674
-0.959854 0.280499
-0.999993 -0.00372471
-0.995421 -0.0955878
-0.981965 -0.189062
-0.958777 -0.284159
-0.924973 -0.380033
-0.879834 -0.475281
-0.822912 -0.568169
-0.754066 -0.656798
-0.673491 -0.739196
-0.581771 -0.813353
-0.48002 -0.877257
-0.370098 -0.928993
-0.254824 -0.966988
-0.138029 -0.990428
-0.0242431 -0.999706
0.0820668 -0.996627
0.17759 -0.984105
0.261338 -0.965247
0.335755 -0.941949
0.408126 -0.912926
0.49347 -0.869763
0.624429 -0.781082
0.833691 -0.552231
0.996838 -0.0794608
0.897392 0.441234
0.698067 0.716033
0.570798 0.821091
0.495958 0.868346
0.436901 0.899509
0.367934 0.929852
0.260283 0.965532
0.0832254 0.996531
-0.16681 0.985989
-0.443966 0.896044
-0.675808 0.737078
-0.827359 0.561673
-0.9118 0.410634
-0.957389 0.288801
-0.982732 0.185036
-0.994069 -0.108752
-0.980557 -0.196237
-0.957901 -0.287098
-0.924721 -0.380646
-0.879774 -0.475392
-0.822113 -0.569325
-0.751182 -0.660095
-0.666884 -0.745162
-0.569664 -0.821878
-0.460622 -0.887596
-0.341674 -0.939818
-0.2157 -0.97646
-0.0865648 -0.996246
0.0411308 -0.999154
0.162671 -0.98668
0.274146 -0.961688
0.373445 -0.927652
0.461081 -0.887358
0.540751 -0.841183
0.619748 -0.784801
0.709144 -0.705063
0.818936 -0.573885
0.934431 -0.356144
0.99842 -0.0561916
0.967919 0.251264
0.876069 0.482185
0.787028 0.616917
0.72418 0.689611
0.677856 0.735195
0.628941 0.777453
0.545406 0.838172
0.358604 0.93349
-0.0136153 0.999907
-0.458319 0.888788
-0.77635 0.630302
-0.914682 0.404173
-0.965873 0.259015
-0.988338 0.152275
-0.998051 0.0623961
-0.975596 -0.219575
-0.954414 -0.298487
-0.923629 -0.383288
-0.881493 -0.472197
-0.826538 -0.562881
-0.757691 -0.652613
-0.674372 -0.738392
-0.576603 -0.817024
-0.465151 -0.885231
-0.341701 -0.939809
-0.209021 -0.977911
-0.0710103 -0.997476
0.0675032 -0.997719
0.20131 -0.979528
0.325661 -0.945487
0.437205 -0.899362
0.534716 -0.845032
0.619411 -0.785067
0.694788 -0.719214
0.76595 -0.6429
0.837684 -0.546155
0.909515 -0.415672
0.969696 -0.244316
0.99903 -0.0440344
0.988219 0.153045
0.949712 0.313126
0.906871 0.421408
0.875077 0.483984
0.855846 0.51723
0.841889 0.539651
0.818278 0.574823
0.730053 0.683391
0.327377 0.944894
-0.677333 0.735677
-0.962047 0.272883
-0.992125 0.125253
-0.999061 0.043332
-0.999802 -0.0198789
-0.996731 -0.0807863
-0.944175 -0.329445
-0.917671 -0.39734
-0.880611 -0.47384
-0.831235 -0.555921
-0.76807 -0.640365
-0.690042 -0.723769
-0.596595 -0.802542
-0.487855 -0.872925
-0.364849 -0.931067
-0.229775 -0.973244
-0.086201 -0.996278
0.0609718 -0.998139
0.205935 -0.978566
0.34282 -0.939401
0.466761 -0.884384
0.574815 -0.818283
0.666394 -0.7456
0.743088 -0.669194
0.807948 -0.589254
0.864342 -0.502905
0.914296 -0.405046
0.956655 -0.291224
0.986762 -0.162178
0.99963 -0.0272103
0.995232 0.0975369
0.980616 0.19594
0.965984 0.258601
0.958626 0.284668
0.960292 0.278998
0.968766 0.247976
0.980787 0.195081
0.995463 0.0951498
0.968032 -0.250827
-0.774417 -0.632676
-0.956221 -0.292644
-0.974145 -0.225926
-0.979196 -0.202917
-0.978458 -0.206445
-0.973054 -0.230577
-0.902176 -0.431368
-0.872853 -0.487984
-0.831586 -0.555396
-0.776988 -0.629516
-0.707796 -0.706417
-0.623029 -0.782198
-0.52213 -0.852866
-0.405182 -0.914236
-0.273252 -0.961942
-0.128822 -0.991668
0.0238687 -0.999715
0.178854 -0.983876
0.32909 -0.944299
0.467707 -0.883884
0.589429 -0.80782
0.691576 -0.722304
0.774227 -0.632908
0.839567 -0.543256
0.890777 -0.454441
0.930859 -0.365379
0.961691 -0.274137
0.983665 -0.18001
0.996328 -0.0856131
0.999997 0.00228801
0.997251 0.0740931
0.992742 0.120264
0.990983 0.133991
0.993697 0.112101
0.998551 0.0538049
0.99907 -0.0431077
0.981384 -0.192058
0.89623 -0.44359
0.544059 -0.839047
-0.255455 -0.966821
-0.697886 -0.716209
-0.850443 -0.526068
-0.905266 -0.424845
-0.925624 -0.378443
-0.929014 -0.370044
-0.854236 -0.519885
-0.823827 -0.566841
-0.780089 -0.625669
-0.722234 -0.691649
-0.649354 -0.760487
-0.560583 -0.828098
-0.455238 -0.89037
-0.333072 -0.942902
-0.19476 -0.980851
-0.0426339 -0.999091
0.118607 -0.992941
0.281721 -0.959496
0.437801 -0.899072
0.578209 -0.815889
0.696758 -0.717307
0.79103 -0.611778
0.862212 -0.506547
0.913792 -0.406183
0.94995 -0.312402
0.974364 -0.224979
0.989687 -0.143246
0.997708 -0.0676713
0.999999 -0.00102737
0.998682 0.051324
0.996617 0.0821802
0.996466 0.0839974
0.998722 0.0505352
0.999759 -0.0219548
0.990894 -0.134646
0.957597 -0.288112
0.873836 -0.48622
0.686307 -0.727312
0.333026 -0.942918
-0.118377 -0.992969
-0.493552 -0.869716
-0.708833 -0.705376
-0.811878 -0.583828
-0.857928 -0.51377
-0.874087 -0.485769
-0.805804 -0.592182
-0.77481 -0.632194
-0.729684 -0.683784
-0.670284 -0.742104
-0.596093 -0.802915
-0.506322 -0.862344
-0.399967 -0.91653
-0.276019 -0.961152
-0.134078 -0.990971
0.0244619 -0.999701
0.194898 -0.980823
0.368337 -0.929692
0.532737 -0.846281
0.676181 -0.736736
0.790786 -0.612093
0.874752 -0.484571
0.931489 -0.36377
0.966972 -0.254883
0.987238 -0.159252
0.997097 -0.0761441
0.999989 -0.00465051
0.998493 0.0548828
0.994987 0.0999994
0.992052 0.12583
0.992117 0.125317
0.99593 0.0901316
0.999919 0.0126914
0.993859 -0.110657
0.961052 -0.276366
0.881247 -0.472655
0.733222 -0.67999
0.50004 -0.866002
0.190791 -0.981631
-0.141709 -0.989908
-0.42558 -0.904921
-0.621878 -0.783114
-0.736795 -0.676116
-0.795891 -0.60544
-0.820359 -0.571849
-0.761503 -0.648161
-0.729266 -0.684231
-0.683168 -0.730261
-0.623643 -0.781709
-0.550553 -0.8348
-0.463133 -0.886289
-0.359876 -0.933
-0.238548 -0.971131
-0.0967021 -0.995313
0.0666477 -0.997777
0.247991 -0.968762
0.436402 -0.899752
0.61422 -0.789135
0.763136 -0.646238
0.872271 -0.489023
0.941762 -0.33628
0.979691 -0.200511
0.996283 -0.0861447
0.999969 0.007833
0.99644 0.084301
0.989352 0.145543
0.981392 0.192014
0.975103 0.221752
0.973201 0.229955
0.978024 0.20849
0.98933 0.145693
0.999584 0.0288293
0.989006 -0.147878
0.928243 -0.371975
0.793557 -0.608496
0.583384 -0.812197
0.32045 -0.947265
0.0397822 -0.999208
-0.222815 -0.974861
-0.439275 -0.898353
-0.596197 -0.802838
-0.696645 -0.717416
-0.752786 -0.658265
-0.777182 -0.629276
-0.724035 -0.689764
-0.689114 -0.724653
-0.641937 -0.766758
-0.583479 -0.812128
-0.513985 -0.857799
-0.432708 -0.901534
-0.337587 -0.941294
-0.224925 -0.974376
-0.0893149 -0.996003
0.075145 -0.997173
0.269397 -0.963029
0.481187 -0.876618
0.682208 -0.731158
0.840549 -0.541736
0.940081 -0.340951
0.987183 -0.159594
0.999925 -0.0122385
0.994825 0.101604
0.982031 0.188719
0.966761 0.255682
0.951826 0.30664
0.939319 0.343044
0.93156 0.363588
0.93148 0.363794
0.942297 0.334778
0.965449 0.260591
0.993253 0.115969
0.992776 -0.119985
0.905186 -0.425017
0.695948 -0.718092
0.406692 -0.913565
0.115201 -0.993342
-0.134977 -0.990849
-0.339689 -0.940538
-0.499176 -0.866501
-0.614422 -0.788978
-0.689811 -0.723989
-0.732287 -0.680996
-0.748904 -0.662679
-0.693891 -0.72008
-0.654378 -0.756167
-0.605634 -0.795743
-0.54928 -0.835638
-0.485988 -0.873965
-0.415076 -0.909787
-0.334085 -0.942543
-0.238166 -0.971224
-0.119082 -0.992884
0.0360166 -0.999351
0.242009 -0.970274
0.491495 -0.870881
0.736162 -0.676806
0.91005 -0.414499
0.98832 -0.15239
0.998401 0.0565244
0.979023 0.20375
0.952158 0.305605
0.925596 0.378513
0.901638 0.432492
0.881127 0.47288
0.865004 0.501765
0.855017 0.5186
0.854136 0.52005
0.866806 0.498645
0.898653 0.438661
0.952786 0.303644
0.999807 0.0196358
0.902473 -0.430746
0.557759 -0.830003
0.143046 -0.989716
-0.142114 -0.98985
-0.336363 -0.941732
-0.479698 -0.877434
-0.586055 -0.810271
-0.661015 -0.750373
-0.708415 -0.705796
-0.732076 -0.681223
-0.735659 -0.677352
-0.669684 -0.742647
-0.623207 -0.782057
-0.572028 -0.820234
-0.518684 -0.854966
-0.4643 -0.885678
-0.408248 -0.912871
-0.347921 -0.937524
-0.278232 -0.960514
-0.190113 -0.981762
-0.0667646 -0.997769
0.125706 -0.992068
0.435589 -0.900146
0.774123 -0.633035
0.971741 -0.236048
0.993832 0.110892
0.946644 0.322282
0.89752 0.440973
0.857092 0.515164
0.824201 0.566298
0.796761 0.604295
0.773454 0.633853
0.753998 0.656877
0.739247 0.673435
0.731367 0.681984
0.734283 0.678844
0.754841 0.655908
0.806062 0.591831
0.919329 0.393489
0.968486 -0.249068
0.147115 -0.989119
-0.272533 -0.962147
-0.441941 -0.897044
-0.549378 -0.835574
-0.627816 -0.778362
-0.685347 -0.728217
-0.723949 -0.689853
-0.744465 -0.667661
-0.747846 -0.663873
-0.735383 -0.677651
-0.648745 -0.761006
-0.592046 -0.805904
-0.536971 -0.843601
-0.487415 -0.87317
-0.444799 -0.89563
-0.408181 -0.912901
-0.374792 -0.927109
-0.340262 -0.940331
-0.297825 -0.95462
-0.235048 -0.971984
-0.122542 -0.992463
0.150702 -0.988579
0.800212 -0.599718
0.992894 0.119
0.869763 0.493469
0.787691 0.616071
0.738463 0.674294
0.704204 0.709997
0.677027 0.735958
0.653005 0.757354
0.630141 0.77648
0.607562 0.794272
0.585131 0.810939
0.563171 0.82634
0.542096 0.840316
0.521629 0.853172
0.498726 0.86676
0.448699 0.893683
0.0808287 0.996728
-0.760482 -0.649359
-0.710409 -0.703789
-0.720508 -0.693446
-0.742202 -0.670177
-0.765402 -0.643552
-0.783907 -0.620878
-0.793519 -0.608546
-0.791367 -0.611341
-0.775637 -0.631179
-0.74571 -0.66627
-0.627738 -0.778425
-0.555633 -0.831428
-0.494157 -0.869373
-0.44919 -0.893436
-0.421698 -0.906736
-0.409242 -0.912426
-0.408083 -0.912945
-0.414609 -0.91
-0.425956 -0.904744
-0.4402 -0.8979
-0.456493 -0.889727
-0.480089 -0.87722
-0.859401 -0.511303
0.463134 0.886288
0.498836 0.866697
0.505663 0.862731
0.506 0.862534
0.501547 0.86513
0.492372 0.870385
0.478253 0.878222
0.45888 0.888498
0.433825 0.900997
0.402317 0.915501
0.36265 0.931925
0.310762 0.950488
0.236513 0.971628
0.111479 0.993767
-0.160785 0.986989
-0.668884 0.743367
-0.997033 0.0769736
-0.953023 -0.302898
-0.905607 -0.424119
-0.884118 -0.467264
-0.875697 -0.482861
-0.870625 -0.491948
-0.861942 -0.507007
-0.844212 -0.536009
-0.812988 -0.582281
-0.765481 -0.643459
-0.6029 -0.797817
-0.506181 -0.862427
-0.434148 -0.900841
-0.395319 -0.918544
-0.387904 -0.9217
-0.405198 -0.914229
-0.440551 -0.897728
-0.489712 -0.871884
-0.55192 -0.833897
-0.631475 -0.775397
-0.741727 -0.670702
-0.913463 -0.406921
-0.918625 0.395131
-0.390276 0.920698
0.00384055 0.999993
0.161308 0.986904
0.235361 0.971908
0.272325 0.962205
0.287312 0.957837
0.2865 0.95808
0.272523 0.962149
0.246163 0.969228
0.206731 0.978398
0.151604 0.988441
0.0747563 0.997202
-0.0365486 0.999332
-0.208023 0.978124
-0.464963 0.88533
-0.756403 0.654106
-0.948645 0.316341
-0.999942 0.0107982
-0.985383 -0.170353
-0.965072 -0.261985
-0.950091 -0.311972
-0.937814 -0.347137
-0.922981 -0.384845
-0.89927 -0.437394
-0.859246 -0.511562
-0.795988 -0.605312
-0.569001 -0.822337
-0.430114 -0.902774
-0.341543 -0.939866
-0.313926 -0.949447
-0.335675 -0.941978
-0.390638 -0.920544
-0.466695 -0.884418
-0.556685 -0.830723
-0.658128 -0.752906
-0.772141 -0.635452
-0.897952 -0.440093
-0.995912 -0.0903305
-0.929283 0.369368
-0.663659 0.748035
-0.359733 0.933055
-0.147708 0.989031
-0.0240413 0.999711
0.0464162 0.998922
0.082668 0.996577
0.094217 0.995552
0.0857992 0.996312
0.0594434 0.998232
0.0152149 0.999884
-0.0488065 0.998808
-0.137063 0.990562
-0.256989 0.966414
-0.415473 0.909605
-0.604462 0.796634
-0.7878 0.615931
-0.919801 0.392384
-0.983588 0.180429
-0.999783 0.0208106
-0.996676 -0.0814717
-0.989373 -0.145403
-0.981318 -0.192392
-0.970602 -0.24069
-0.951756 -0.306857
-0.914153 -0.40537
-0.841731 -0.539898
-0.514497 -0.857492
-0.296148 -0.955142
-0.189372 -0.981905
-0.190443 -0.981698
-0.258013 -0.966141
-0.362757 -0.931884
-0.485148 -0.874432
-0.613009 -0.790076
-0.739731 -0.672903
-0.860118 -0.510095
-0.959917 -0.280285
-0.999748 0.022455
-0.934171 0.356827
-0.765252 0.643731
-0.555226 0.831699
-0.370494 0.928835
-0.237588 0.971366
-0.152301 0.988334
-0.103815 0.994597
-0.0841716 0.996451
-0.0884346 0.996082
-0.113867 0.993496
-0.159357 0.987221
-0.225105 0.974334
-0.31227 0.949993
-0.421686 0.906742
-0.550339 0.834941
-0.686803 0.726843
-0.811411 0.584476
-0.905297 0.424778
-0.96187 0.273508
-0.988466 0.151443
-0.997885 0.065008
-0.99997 0.00774986
-0.999438 -0.0335205
-0.997211 -0.0746359
-0.99092 -0.134455
-0.971259 -0.238024
-0.909311 -0.416117
-0.380389 -0.924826
-0.019093 -0.999818
0.0541116 -0.998535
-0.012123 -0.999927
-0.151008 -0.988533
-0.323751 -0.946142
-0.501131 -0.865372
-0.664 -0.747733
-0.803386 -0.595459
-0.913844 -0.406065
-0.984302 -0.176495
-0.996402 0.0847575
-0.936963 0.34943
-0.814995 0.579468
-0.662428 0.749126
-0.515435 0.856928
-0.396676 0.917959
-0.312825 0.949811
-0.261803 0.965121
-0.239342 0.970935
-0.241659 0.970361
-0.265912 0.963997
-0.310063 0.950716
-0.372529 0.928021
-0.451592 0.892224
-0.544295 0.838894
-0.644971 0.764207
-0.744553 0.667564
-0.832278 0.554358
-0.899785 0.436333
-0.944678 0.327999
-0.970532 0.240973
-0.983648 0.1801
-0.989708 0.143104
-0.992473 0.12246
-0.99428 0.106803
-0.996814 0.0797668
-0.999908 0.0135446
-0.988403 -0.151851
0.239696 -0.970848
0.448736 -0.893664
0.390889 -0.920438
0.224743 -0.974418
-0.0157624 -0.999876
-0.284993 -0.95853
-0.530266 -0.847831
-0.722697 -0.691165
-0.860451 -0.509534
-0.95108 -0.308944
-0.995817 -0.0913747
-0.990884 0.134718
-0.935862 0.352366
-0.840461 0.541872
-0.724004 0.689796
-0.608127 0.79384
-0.509139 0.860685
-0.435284 0.900293
-0.388534 0.921434
-0.367628 0.929973
-0.370181 0.92896
-0.39358 0.91929
-0.435173 0.900347
-0.492107 0.870535
-0.560973 0.827834
-0.637358 0.770568
-0.715582 0.698529
-0.78911 0.614252
-0.85189 0.523721
-0.900091 0.435701
-0.933111 0.359589
-0.953051 0.30281
-0.963119 0.269075
-0.966118 0.258102
-0.963887 0.266312
-0.957775 0.28752
-0.949918 0.3125
-0.945468 0.325714
-0.956352 0.292218
0.991132 -0.132879
0.888271 -0.459319
0.751752 -0.659446
0.516954 -0.856013
0.143417 -0.989662
-0.276399 -0.961043
-0.608296 -0.79371
-0.805643 -0.592401
-0.918332 -0.39581
-0.979601 -0.200954
-0.999988 -0.00497799
-0.982203 0.18782
-0.929839 0.367967
-0.851174 0.524884
-0.75889 0.651218
-0.666874 0.745171
-0.586622 0.809861
-0.52538 0.850868
-0.486309 0.873787
-0.469695 0.882829
-0.474145 0.880447
-0.497318 0.867568
-0.536248 0.84406
-0.587398 0.809298
-0.646642 0.762794
-0.709303 0.704903
-0.770427 0.637529
-0.82537 0.564593
-0.870613 0.491968
-0.904401 0.426685
-0.926777 0.375612
-0.938913 0.344154
-0.942051 0.33547
-0.936594 0.350416
-0.921665 0.387986
-0.89507 0.445926
-0.853339 0.521357
-0.790793 0.612084
-0.693034 0.720905
0.74943 0.662083
0.989577 0.144007
0.981555 -0.19118
0.856212 -0.516624
0.373152 -0.92777
-0.429417 -0.903106
-0.781239 -0.624232
-0.910899 -0.412629
-0.971281 -0.237937
-0.997414 -0.0718649
-0.995797 0.0915887
-0.968335 0.249655
-0.918188 0.396144
-0.851413 0.524496
-0.776551 0.630054
-0.702949 0.71124
-0.638827 0.76935
-0.590019 0.807389
-0.559678 0.82871
-0.548643 0.836057
-0.55601 0.831176
-0.579621 0.814886
-0.616387 0.787443
-0.662511 0.749052
-0.713723 0.700428
-0.765602 0.643315
-0.814021 0.580836
-0.855661 0.517536
-0.888422 0.459028
-0.911507 0.411285
-0.925071 0.379795
-0.929482 0.368867
-0.924459 0.381281
-0.908308 0.418302
-0.877317 0.479911
-0.825071 0.56503
-0.740901 0.671614
-0.604804 0.796374
-0.36734 0.930087
0.550126 0.835081
0.813184 0.582006
0.93858 0.345062
0.986313 0.164882
0.90504 -0.425327
-0.910988 -0.412433
-0.971864 -0.235541
-0.990146 -0.140042
-0.999274 -0.0381102
-0.997069 0.0765102
-0.980175 0.198134
-0.947504 0.319743
-0.900636 0.434574
-0.843635 0.536917
-0.782378 0.622804
-0.723444 0.690383
-0.672895 0.739738
-0.635353 0.772222
-0.613575 0.789636
-0.608449 0.793593
-0.619225 0.785213
-0.643814 0.765182
-0.6791 0.734046
-0.721269 0.692655
-0.766197 0.642606
-0.809904 0.586562
-0.849023 0.528356
-0.881172 0.472795
-0.905093 0.425215
-0.920441 0.390881
-0.927261 0.374416
-0.925238 0.379387
-0.912933 0.40811
-0.88709 0.461596
-0.842016 0.539453
-0.768817 0.639469
-0.654048 0.756453
-0.476747 0.87904
-0.204706 0.978823
0.354197 0.935171
0.55937 0.828918
0.666407 0.745588
0.631191 0.775628
0.0961243 0.995369
-0.797594 0.603194
-0.965698 0.259669
-0.985968 0.166933
-0.984455 0.175638
-0.97312 0.230298
-0.951538 0.307531
-0.919304 0.393548
-0.877709 0.479194
-0.829802 0.558058
-0.779952 0.625839
-0.73312 0.6801
-0.694008 0.719967
-0.66635 0.745639
-0.652455 0.757828
-0.653056 0.75731
-0.667368 0.744728
-0.693293 0.720656
-0.727728 0.685866
-0.766958 0.641697
-0.807132 0.590371
-0.844755 0.535153
-0.87712 0.480271
-0.902541 0.430604
-0.920302 0.391208
-0.930296 0.366811
-0.932415 0.361389
-0.925854 0.377883
-0.908437 0.418021
-0.876095 0.482139
-0.822474 0.568802
-0.738735 0.673996
-0.613699 0.78954
-0.435384 0.900245
-0.199043 0.979991
0.146058 0.989276
0.285796 0.95829
0.327651 0.944799
0.1935 0.9811
-0.161651 0.986848
-0.565631 0.824659
-0.81955 0.573008
-0.908485 0.417918
-0.931363 0.364091
-0.92886 0.370431
-0.91231 0.409501
-0.885509 0.464623
-0.851053 0.52508
-0.811998 0.58366
-0.772099 0.635502
-0.735477 0.67755
-0.706045 0.708167
-0.686934 0.72672
-0.680073 0.733145
-0.68597 0.727629
-0.703717 0.71048
-0.731157 0.682209
-0.765208 0.643783
-0.802307 0.596912
-0.838916 0.544262
-0.872017 0.489475
-0.899474 0.436974
-0.920143 0.391582
-0.9337 0.358057
-0.940187 0.340658
-0.939405 0.342809
-0.930274 0.366864
-0.910317 0.413911
-0.875345 0.483499
-0.819448 0.573154
-0.735447 0.677582
-0.616222 0.787573
-0.457778 0.889067
-0.264447 0.9644
-0.0572129 0.998362
0.0318784 0.999492
0.035658 0.999364
-0.0755276 0.997144
-0.287758 0.957703
-0.528948 0.848654
-0.714824 0.699305
-0.819866 0.572555
-0.864589 0.502479
-0.876036 0.482247
-0.868876 0.495029
-0.849973 0.526826
-0.823395 0.567469
-0.792649 0.609679
-0.761386 0.648299
-0.733368 0.679832
-0.712082 0.702096
-0.700275 0.713873
-0.69956 0.714574
-0.710209 0.703991
-0.73114 0.682228
-0.760103 0.649802
-0.794039 0.607866
-0.829552 0.558429
-0.863432 0.504465
-0.893112 0.449834
-0.916951 0.399001
-0.934246 0.356629
-0.944974 0.327145
-0.949305 0.314356
-0.947021 0.321172
-0.936975 0.349396
-0.916726 0.399516
-0.882448 0.47041
-0.829229 0.558909
-0.751917 0.659258
-0.646733 0.762717
-0.513771 0.857927
-0.359902 0.93299
-0.239705 0.970846
-0.181603 0.983372
-0.185382 0.982667
-0.259847 0.96565
-0.39084 0.920459
-0.541044 0.840994
-0.670669 0.741756
-0.759204 0.650853
-0.808174 0.588943
-0.828175 0.560469
-0.829105 0.559093
-0.817571 0.575827
-0.798093 0.602534
-0.774454 0.632631
-0.750333 0.66106
-0.729356 0.684135
-0.714782 0.699348
-0.709093 0.705115
-0.713634 0.700519
-0.728418 0.685133
-0.752155 0.658987
-0.782478 0.622678
-0.816346 0.577563
-0.850545 0.525902
-0.882198 0.470879
-0.909166 0.416434
-0.930242 0.366946
-0.945085 0.326823
-0.953906 0.300105
-0.956984 0.290139
-0.954145 0.299346
-0.944319 0.329031
-0.925322 0.379181
-0.893927 0.448212
-0.846333 0.532654
-0.779105 0.626894
-0.690591 0.723246
-0.58268 0.812702
-0.462391 0.886676
-0.394034 0.919096
-0.353003 0.935622
-0.354312 0.935127
-0.400322 0.916375
-0.480919 0.876765
-0.575877 0.817536
-0.663676 0.74802
-0.73062 0.682784
-0.773215 0.634144
-0.794505 0.607258
-0.799492 0.600677
-0.792838 0.609433
-0.778515 0.627625
-0.76019 0.649701
-0.741492 0.670962
-0.725958 0.687739
-0.716699 0.697383
-0.715977 0.698123
-0.724865 0.688891
-0.743086 0.669196
-0.769102 0.639126
-0.80041 0.599453
-0.833997 0.551769
-0.866858 0.498555
-0.896466 0.443113
-0.921095 0.389337
-0.939922 0.341388
-0.952891 0.303312
-0.960379 0.278699
-0.962742 0.27042
-0.959876 0.280425
-0.950872 0.309584
-0.933909 0.357511
-0.906423 0.422372
-0.865623 0.500696
-0.809346 0.587333
-0.737163 0.675715
-0.651551 0.758605
-0.558738 0.829344
-0.519931 0.854208
-0.4891 0.872228
-0.486835 0.873494
-0.513481 0.858101
-0.562521 0.826783
-0.622348 0.782741
-0.680532 0.732719
-0.728005 0.685572
-0.760711 0.64909
-0.778613 0.627504
-0.783792 0.621024
-0.779081 0.626923
-0.767571 0.640964
-0.752555 0.65853
-0.737509 0.675337
-0.725864 0.687838
-0.720584 0.693368
-0.723703 0.690111
-0.735983 0.677
-0.756806 0.653639
-0.784351 0.620317
-0.815977 0.578084
-0.848739 0.528813
-0.879894 0.475171
-0.907305 0.420473
-0.929657 0.368425
-0.946461 0.32282
-0.957865 0.28722
-0.964331 0.264698
-0.966246 0.257621
-0.963558 0.267498
-0.955548 0.294834
-0.940788 0.338995
-0.917356 0.398069
-0.883309 0.468791
-0.837389 0.546608
-0.77983 0.625991
-0.7131 0.701062
-0.642318 0.766438
-0.620508 0.7842
-0.597129 0.802145
-0.592973 0.805222
-0.607801 0.794089
-0.637447 0.770494
-0.67495 0.737863
-0.712749 0.701419
-0.744807 0.66728
-0.76766 0.640857
-0.780258 0.625458
-0.783228 0.621734
-0.778213 0.628
-0.767546 0.640994
-0.754119 0.656737
-0.741211 0.671272
-0.732118 0.681178
-0.72963 0.683842
-0.735505 0.677519
-0.750129 0.661291
-0.772493 0.635024
-0.800475 0.599366
-0.831342 0.555762
-0.8623 0.506398
-0.890968 0.454066
-0.91566 0.401954
-0.935476 0.353391
-0.950206 0.311623
-0.960118 0.279595
-0.965668 0.25978
-0.967197 0.254029
-0.964675 0.263441
-0.957558 0.288241
-0.944795 0.327661
-0.925044 0.37986
-0.897062 0.441905
-0.860238 0.509893
-0.815149 0.579251
-0.764006 0.645209
-0.710807 0.703387
-0.699736 0.714401
-0.682932 0.730482
-0.679088 0.734057
-0.687763 0.725935
-0.706194 0.708019
-0.729998 0.683449
-0.754376 0.656443
-0.77526 0.631642
-0.789978 0.613135
-0.797327 0.603548
-0.797329 0.603545
-0.790978 0.611845
-0.780104 0.62565
-0.76728 0.641312
-0.755587 0.655048
-0.748155 0.663523
-0.74754 0.664217
-0.755143 0.65556
-0.770909 0.636945
-0.793407 0.608691
-0.820262 0.571988
-0.84876 0.528778
-0.876415 0.481557
-0.901339 0.433114
-0.922379 0.386287
-0.939047 0.34379
-0.951354 0.308101
-0.959591 0.281398
-0.964116 0.265481
-0.965154 0.261682
-0.96265 0.27075
-0.956198 0.292722
-0.945085 0.326824
-0.92847 0.371409
-0.905675 0.423973
-0.876561 0.48129
-0.841878 0.539667
-0.803504 0.5953
-0.764459 0.644673
-0.761492 0.648174
-0.751034 0.660264
-0.749339 0.662187
-0.75584 0.654757
-0.768573 0.639762
-0.784628 0.619967
-0.800834 0.598886
-0.814426 0.580267
-0.823443 0.567399
-0.826854 0.562417
-0.824509 0.565849
-0.817094 0.576505
-0.806132 0.591735
-0.793944 0.607991
-0.783391 0.62153
-0.777356 0.629061
-0.77805 0.628202
-0.786421 0.617691
-0.801918 0.597435
-0.822727 0.568437
-0.846359 0.532613
-0.87033 0.492468
-0.892672 0.450706
-0.912148 0.409862
-0.928192 0.372101
-0.940717 0.339193
-0.949885 0.312599
-0.955936 0.293575
-0.959061 0.2832
-0.95932 0.282322
-0.956593 0.291427
-0.950573 0.310502
-0.940821 0.338905
-0.9269 0.375308
-0.908574 0.417725
-0.886032 0.463624
-0.860093 0.510138
-0.832302 0.554323
-0.804882 0.593435
-0.809313 0.587377
-0.805055 0.5932
-0.806702 0.590959
-0.813589 0.58144
-0.824213 0.566279
-0.836538 0.547908
-0.848414 0.529333
-0.857963 0.513711
-0.863823 0.503796
-0.865241 0.501356
-0.862097 0.506744
-0.854946 0.518718
-0.845094 0.534618
-0.83459 0.550872
-0.825971 0.563713
-0.821706 0.569911
-0.823496 0.567321
-0.831724 0.55519
-0.845353 0.534208
-0.862337 0.506335
-0.880327 0.474367
-0.897344 0.441331
-0.912146 0.409866
-0.924235 0.381824
-0.933636 0.358222
-0.940617 0.339469
-0.945463 0.325729
-0.948357 0.317204
-0.949337 0.31426
-0.948303 0.317365
-0.945055 0.326912
-0.939332 0.343008
-0.930883 0.365318
-0.91955 0.392974
-0.905387 0.424587
-0.888774 0.458345
-0.870507 0.492155
-0.851813 0.523846
-0.834268 0.551359
-0.846368 0.532598
-0.848028 0.529951
-0.853549 0.521013
-0.862207 0.506556
-0.872801 0.488076
-0.883867 0.467738
-0.89395 0.448167
-0.901831 0.43209
-0.90666 0.421862
-0.908006 0.418957
-0.905873 0.42355
-0.900762 0.434312
-0.893762 0.448541
-0.886544 0.462645
-0.881117 0.472899
-0.879303 0.476262
-0.882105 0.471052
-0.889294 0.457336
-0.89949 0.436942
-0.910702 0.413063
-0.921045 0.389455
-0.929253 0.369443
-0.934826 0.355106
-0.937886 0.346945
-0.938917 0.344144
-0.938524 0.345213
-0.937235 0.348699
-0.935362 0.353692
-0.932961 0.359977
-0.92987 0.367887
-0.925809 0.377992
-0.920486 0.390775
-0.913694 0.406403
-0.905378 0.424607
-0.895691 0.444678
-0.885032 0.46553
-0.874065 0.485809
-0.863686 0.50403
-0.854939 0.518728
-0.875459 0.483293
-0.882548 0.470222
-0.891872 0.452289
-0.902712 0.430245
-0.914111 0.405464
-0.925035 0.379881
-0.934561 0.355803
-0.942006 0.335597
-0.946987 0.321271
-0.949413 0.31403
-0.949464 0.313876
-0.947614 0.319417
-0.944685 0.327979
-0.941827 0.336099
-0.940309 0.340322
-0.941105 0.338113
-0.944454 0.328643
-0.949677 0.31323
-0.955423 0.295239
-0.96019 0.279347
-0.962788 0.270258
-0.962507 0.271257
-0.959071 0.283167
-0.952614 0.30418
-0.943763 0.330622
-0.933613 0.358284
-0.92345 0.38372
-0.914324 0.404984
-0.906745 0.42168
-0.900666 0.434512
-0.895694 0.444672
-0.891342 0.453332
-0.887214 0.461359
-0.883094 0.469196
-0.87898 0.476859
-0.875078 0.483982
-0.871779 0.489899
-0.86961 0.49374
-0.86915 0.494549
